21
39
60
80
103
128
147
166
187
205
224
242
261
283
303
326
347
369
391
414
435
458
481
500
520
543
564
582
603
625
646
668
688
713
736
755
776
801
822
845
866
890
911
931
953
973
993
1013
1031
1052
1070
1091
1109
1132
1155
1174
1194
1217
1242
1263
1287
1305
1330
1352
1376
1402
1425
1445
1468
1490
1514
1534
1558
1578
1597
1619
1642
1661
1678
1697
1718
1741
1766
1787
1809
1832
1852
1874
1892
1911
1932
1957
1977
2000
2022
2041
2060
2079
2100
2119
2142
2161
2180
2197
2220
2241
2264
2286
2311
2330
2350
2370
2392
2415
2434
2457
2474
2496
2514
2535
2554
2577
2598
2622
2644
2668
2687
2711
2730
2749
2768
2787
2805
2830
2852
2877
2897
2917
2938
2958
2980
3000
3023
3046
3065
3086
3108
3132
3156
3175
3196
3214
3234
3256
3276
3295
3320
3341
3359
3383
3405
3425
3446
3465
3486
3504
3523
3546
3570
3589
3611
3631
3653
3673
3693
3719
3740
3764
3784
3806
3826
3846
3866
3888
3907
3928
3952
3973
3993
4016
4039
4064
4081
4105
4126
4143
4164
4183
4204
4224
4243
4263
4285
4310
4330
4356
4377
4400
4424
4442
4461
4482
4504
4523
4546
4567
4588
4614
4637
4655
4676
4697
4717
4736
4756
4779
4800
4820
4838
4857
4880
4904
4923
4944
4968
4988
5012
5032
5052
5076
5098
5124
5144
5167
5189
5209
5232
5251
5270
5290
5310
5330
5351
5370
5392
5411
5433
5452
5478
5500
5521
5539
5561
5580
5604
5626
5647
5667
5689
5711
5730
5753
5778
5798
5820
5838
5859
5878
5899
5923
5944
5964
5983
6002
6022
6043
6062
6080
6100
6120
6138
6161
6178
6197
6215
6240
6265
6288
6309
6331
6354
6376
6392
6412
6431
6452
6471
6493
6511
6529
6547
6567
6587
6610
6632
6652
6669
6687
6706
6726
6744
6765
6790
6811
6831
6852
6877
6898
6920
6938
6959
6978
6997
7018
7038
7056
7074
7091
7114
7133
7155
7178
7199
7223
7248
7265
7284
7304
7324
7343
7365
7388
7406
7426
7448
7467
7489
7506
7529
7549
7567
7588
7612
7636
7657
7677
7695
7715
7737
7755
7774
7794
7817
7841
7860
7881
7902
7922
7941
7961
7982
8004
8022
8044
8066
8087
8110
8128
8150
8172
8197
8217
8238
8260
8285
8305
8325
8348
8372
8389
8413
8432
8451
8477
8495
8515
8537
8558
8578
8598
8616
8639
8660
8683
8703
8725
8749
8768
8794
8815
8839
8861
8880
8901
8921
8942
8960
8983
9002
9026
9049
9070
9093
9114
9137
9160
9186
9208
9225
9248
9268
9289
9307
9329
9347
9367
9387
9408
9427
9449
9469
9488
9507
9526
9547
9569
9590
9607
9630
9650
9677
9699
9718
9739
9765
9783
9803
9825
9847
9867
9889
9907
9928
9946
9968
9990
10012
10035
10059
10078
10098
10119
10138
10160
10181
10199
10223
10249
10271
10288
10311
10331
10353
10372
10394
10413
10433
10451
10472
10494
10514
10537
10560
10579
10600
10625
10644
10663
10682
10705
10727
10749
10768
10792
10812
10832
10855
10878
10900
10920
10939
10962
10980
11006
11031
11050
11072
11095
11119
11139
11159
11179
11200
11220
11239
11259
11282
11305
11325
11347
11366
11387
11408
11434
11458
11482
11503
11527
11551
11571
11594
11614
11638
11660
11680
11704
11726
11751
11773
11796
11820
11840
11860
11879
11898
11918
11942
11963
11984
12003
12022
12045
12070
12087
12109
12128
12148
12170
12191
12211
12229
12250
12270
12288
12308
12331
12354
12376
12395
12417
12436
12457
12477
12495
12515
12536
12560
12583
12604
12626
12647
12664
12685
12705
12727
12747
12770
12795
12817
12840
12858
12876
12898
12921
12941
12960
12982
13004
13028
13047
13068
13088
13107
13128
13148
13168
13189
13212
13235
13257
13280
13300
13322
13341
13362
13383
13405
13424
13446
13463
13482
13504
13523
13541
13564
13584
13604
13626
13652
13673
13699
13724
13744
13763
13784
13808
13829
13852
13877
13900
13920
13940
13964
13983
14003
14021
14047
14072
14093
14113
14135
14156
14179
14203
14226
14245
14265
14286
14312
14337
14356
14377
14397
14418
14438
14456
14480
14501
14519
14541
14558
14581
14603
14620
14640
14659
14680
14700
14720
14743
14762
14787
14810
14831
14856
14875
14895
14915
14940
14963
14987
15007
15028
15047
15070
15091
15112
15130
15148
15168
15190
15214
15233
15252
15269
15288
15309
15330
15354
15376
15395
15416
15434
15452
15471
15495
15519
15540
15559
15581
15601
15625
15643
15667
15685
15703
15726
15751
15773
15791
15814
15836
15856
15878
15898
15916
15936
15960
15978
15998
16022
16041
16063
16082
16106
16131
16152
16176
16196
16218
16238
16261
16286
16308
16330
16351
16375
16396
16419
16438
16461
16478
16498
16517
16541
16561
16583
16603
16622
16643
16664
16686
16706
16728
16750
16769
16795
16816
16837
16856
16876
16895
16917
16940
16960
16983
17002
17023
17044
17065
17088
17109
17132
17150
17169
17193
17215
17240
17261
17281
17300
17318
17341
17368
17392
17416
17438
17462
17483
17505
17526
17547
17567
17585
17607
17630
17649
17668
17688
17707
17731
17756
17773
17795
17813
17832
17854
17874
17895
17915
17934
17954
17973
17996
18016
18037
18063
18087
18107
18126
18147
18166
18186
18205
18224
18244
18267
18290
18308
18329
18348
18367
18389
18408
18429
18448
18467
18487
18509
18533
18552
18572
18593
18612
18635
18655
18681
18699
18721
18741
18764
18786
18806
18829
18851
18874
18893
18913
18935
18955
18974
18999
19025
19048
19068
19088
19108
19127
19150
19176
19197
19214
19237
19260
19278
19303
19325
19344
19366
19389
19413
19436
19460
19481
19501
19522
19540
19564
19586
19609
19627
19649
19673
19691
19710
19730
19755
19774
19801
19822
19846
19867
19890
19916
19938
19961
19982
20005
20031
20054
20073
20091
20112
20133
20152
20170
20190
20211
20231
20252
20275
20299
20318
20340
20363
20384
20405
20426
20445
20467
20485
20507
20529
20548
20572
20591
20613
20634
20651
20673
20694
20713
20735
20759
20779
20803
20825
20847
20870
20890
20912
20935
20958
20983
21003
21021
21041
21065
21086
21106
21128
21148
21166
21188
21208
21234
21257
21277
21302
21323
21344
21365
21387
21409
21431
21451
21472
21494
21513
21532
21553
21579
21596
21614
21638
21662
21682
21706
21731
21753
21777
21797
21822
21844
21861
21880
21901
21920
21939
21960
21982
22002
22020
22043
22061
22085
22111
22133
22154
22174
22195
22219
22238
22258
22278
22300
22318
22341
22361
22380
22401
22420
22440
22464
22484
22504
22525
22543
22563
22582
22601
22622
22644
22663
22684
22707
22725
22746
22772
22789
22811
22833
22855
22875
22895
22914
22939
22959
22979
23000
23023
23040
23058
23081
23100
23122
23143
23163
23184
23207
23226
23248
23270
23292
23314
23334
23356
23383
23407
23429
23450
23471
23490
23512
23537
23560
23580
23599
23617
23638
23663
23681
23701
23719
23742
23763
23785
23808
23830
23849
23868
23893
23913
23933
23954
23972
23993
24016
24035
24054
24075
24095
24114
24138
24158
24179
24200
24221
24241
24264
24286
24308
24329
24353
24376
24399
24422
24445
24470
24490
24510
24531
24553
24577
24599
24622
24643
24665
24685
24706
24727
24745
24764
24784
24803
24821
24840
24864
24887
24910
24928
24946
24967
24991
25010
25035
25054
25078
25097
25118
25141
25163
25183
25201
25226
25248
25268
25288
25309
25333
25352
25371
25393
25415
25433
25457
25475
25496
25521
25543
25566
25585
25603
25625
25644
25663
25684
25705
25724
25747
25773
25796
25817
25842
25862
25880
25905
25927
25946
25970
25995
26020
26036
26055
26075
26095
26112
26132
26155
26178
26201
26220
26237
26255
26277
26298
26322
26346
26365
26385
26404
26423
26441
26462
26482
26504
26524
26544
26563
26584
26604
26629
26648
26669
26691
26712
26731
26750
26772
26794
26819
26840
26861
26880
26903
26922
26943
26965
26985
27007
27029
27049
27068
27093
27119
27139
27162
27182
27201
27224
27246
27264
27284
27304
27325
27347
27367
27386
27411
27433
27457
27477
27497
27517
27537
27562
27582
27603
27624
27647
27669
27688
27708
27730
27750
27771
27798
27818
27835
27853
27879
27902
27921
27940
27960
27982
28004
28024
28051
28074
28095
28118
28138
28156
28178
28198
28220
28238
28257
28277
28293
28318
28339
28360
28383
28400
28420
28442
28464
28486
28508
28533
28556
28575
28596
28620
28639
28656
28676
28695
28716
28737
28761
28780
28802
28822
28840
28858
28881
28904
28928
28948
28969
28988
29007
29027
29048
29066
29092
29114
29134
29156
29178
29200
29220
29240
29264
29284
29303
29324
29346
29366
29389
29408
29430
29450
29474
29497
29519
29537
29561
29586
29603
29625
29644
29665
29685
29704
29727
29746
29767
29791
29809
29835
29857
29879
29901
29922
29946
29968
29988
30009
30034
30053
30074
30093
30112
30133
30153
30177
30198
30216
30234
30254
30274
30297
30323
30348
30367
30389
30415
30437
30459
30478
30503
30524
30548
30570
30592
30617
30635
30657
30677
30696
30715
30735
30754
30774
30795
30813
30833
30852
30872
30890
30909
30931
30956
30977
30997
31019
31039
31058
31076
31100
31120
31138
31159
31181
31205
31226
31249
31269
31288
31307
31329
31351
31370
31393
31416
31437
31456
31479
31498
31524
31550
31568
31591
31615
31635
31661
31680
31701
31727
31747
31770
31791
31817
31836
31857
31877
31898
31920
31946
31969
31989
32009
32029
32052
32073
32097
32117
32139
32157
32179
32199
32219
32244
32268
32288
32306
32327
32348
32367
32389
32412
32437
32456
32481
32503
32524
32547
32567
32593
32619
32638
32659
32683
32702
32723
32743
32762
32783
32806
32831
32852
32871
32892
32914
32939
32962
32989
33007
33028
33047
33069
33093
33116
33139
33159
33177
33195
33212
33232
33250
33270
33293
33320
33339
33363
33385
33412
33433
33452
33471
33492
33515
33533
33556
33580
33600
33622
33642
33661
33680
33699
33718
33741
33761
33779
33799
33821
33839
33862
33883
33901
33924
33947
33969
33993
34016
34034
34058
34080
34100
34120
34144
34164
34184
34205
34223
34240
34257
34282
34307
34327
34349
34371
34390
34414
34438
34462
34483
34503
34525
34547
34572
34592
34611
34634
34655
34675
34701
34720
34742
34761
34779
34801
34821
34839
34862
34881
34903
34926
34946
34969
34991
35013
35034
35053
35077
35096
35120
35141
35158
35178
35198
35217
35238
35258
35278
35296
35315
35339
35361
35379
35399
35418
35438
35462
35482
35505
35530
35551
35570
35588
35611
35633
35651
35669
35690
35709
35732
35754
35771
35788
35811
35831
35853
35871
35894
35914
35936
35958
35981
36006
36028
36050
36067
36089
36110
36135
36154
36176
36197
36216
36238
36257
36278
36301
36323
36348
36367
36387
36408
36433
36450
36471
36489
36509
36529
36549
36575
36593
36611
36633
36654
36673
36694
36714
36736
36756
36780
36801
36825
36846
36867
36889
36910
36931
36952
36976
36996
37019
37041
37063
37089
37109
37132
37157
37178
37198
37217
37236
37257
37275
37294
37317
37338
37358
37381
37402
37423
37439
37458
37477
37498
37519
37544
37566
37587
37605
37628
37648
37667
37687
37706
37726
37746
37766
37787
37804
37826
37846
37871
37893
37916
37941
37959
37977
37997
38013
38034
38053
38078
38098
38119
38138
38157
38177
38201
38226
38248
38267
38287
38307
38327
38348
38371
38392
38412
38431
38450
38473
38496
38519
38544
38565
38585
38604
38622
38644
38663
38682
38707
38726
38747
38771
38790
38812
38832
38854
38874
38896
38920
38940
38965
38986
39007
39027
39054
39072
39094
39113
39133
39155
39176
39200
39221
39240
39259
39277
39298
39320
39340
39365
39386
39408
39434
39454
39473
39498
39519
39542
39565
39585
39603
39624
39648
39670
39694
39717
39736
39755
39776
39795
39815
39840
39863
39888
39907
39931
39950
39976
39994
40012
40034
40054
40073
40091
40114
40133
40154
40174
40194
40211
40231
40252
40274
40297
40320
40341
40361
40385
40405
40425
40443
40464
40486
40505
40526
40550
40568
40587
40606
40625
40650
40674
40697
40722
40742
40762
40786
40805
40827
40846
40863
40883
40902
40921
40943
40963
40981
41003
41024
41045
41065
41090
41110
41129
41153
41170
41191
41213
41232
41257
41279
41302
41323
41343
41363
41384
41404
41422
41442
41467
41490
41509
41528
41552
41574
41599
41617
41639
41658
41680
41703
41723
41741
41759
41778
41802
41824
41844
41867
41888
41909
41935
41958
41978
42000
42019
42044
42065
42085
42108
42132
42151
42170
42190
42212
42231
42252
42273
42293
42312
42333
42352
42373
42391
42412
42433
42452
42474
42495
42515
42536
42558
42579
42603
42624
42647
42668
42691
42714
42735
42756
42774
42800
42820
42841
42867
42889
42910
42930
42948
42972
42991
43012
43035
43058
43082
43104
43126
43144
43163
43180
43199
43218
43237
43256
43276
43294
43314
43334
43353
43374
43391
43413
43436
43454
43477
43496
43519
43542
43566
43587
43607
43629
43649
43671
43695
43715
43738
43756
43774
43794
43817
43836
43858
43880
43905
43926
43944
43963
43983
44002
44027
44046
44067
44087
44109
44126
44149
44170
44189
44206
44224
44245
44268
44288
44306
44329
44349
44367
44387
44408
44426
44448
44472
44493
44513
44534
44553
44574
44594
44618
44641
44662
44681
44698
44716
44743
44760
44778
44799
44819
44839
44860
44880
44898
44918
44940
44963
44984
45007
45028
45047
45067
45091
45111
45131
45153
45172
45191
45210
45232
45252
45273
45297
45315
45333
45357
45374
45395
45414
45433
45453
45477
45497
45519
45544
45562
45584
45604
45628
45646
45669
45692
45709
45730
45752
45771
45793
45815
45836
45858
45881
45900
45919
45940
45960
45977
45996
46016
46041
46062
46085
46105
46127
46148
46168
46186
46206
46230
46250
46271
46290
46310
46334
46360
46380
46400
46419
46441
46464
46484
46505
46526
46547
46567
46593
46613
46632
46650
46675
46700
46719
46742
46765
46783
46808
46830
46851
46872
46894
46919
46941
46961
46983
47004
47026
47046
47066
47085
47109
47131
47151
47171
47192
47213
47237
47259
47281
47303
47324
47345
47366
47390
47415
47440
47462
47483
47504
47523
47544
47563
47587
47609
47629
47650
47674
47694
47717
47737
47757
47776
47797
47822
47843
47865
47885
47906
47927
47949
47969
47991
48012
48034
48055
48077
48101
48121
48146
48167
48189
48213
48235
48257
48279
48301
48321
48346
48369
48392
48410
48429
48449
48469
48491
48511
48534
48553
48575
48594
48612
48633
48657
48675
48696
48716
48739
48761
48780
48803
48821
48840
48863
48884
48902
48922
48941
48962
48981
49001
49024
49046
49068
49089
49108
49129
49150
49169
49188
49206
49231
49249
49269
49292
49312
49331
49352
49376
49395
49413
49434
49453
49473
49491
49509
49530
49549
49567
49587
49608
49631
49650
49672
49697
49717
49736
49759
49783
49799
49820
49840
49861
49883
49902
49922
49941
49960
49978
50001
50026
50052
50074
50099
50122
50142
50164
50183
50203
50223
50244
50267
50292
50311
50337
50359
50378
50397
50418
50438
50464
50484
50502
50523
50541
50565
50589
50611
50631
50655
50677
50696
50720
50739
50758
50778
50799
50820
50845
50865
50885
50908
50933
50954
50976
50996
51019
51043
51061
51083
51107
51126
51147
51168
51190
51211
51230
51251
51271
51292
51309
51334
51353
51371
51389
51406
51425
51447
51469
51491
51510
51531
51551
51571
51592
51617
51643
51662
51681
51704
51724
51744
51764
51784
51810
51830
51854
51877
51898
51916
51933
51954
51978
52002
52023
52043
52060
52080
52100
52125
52147
52165
52186
52208
52229
52251
52275
52295
52316
52336
52357
52377
52398
52421
52443
52464
52483
52503
52527
52545
52568
52589
52610
52635
52658
52679
52699
52723
52745
52770
52793
52813
52835
52852
52872
52891
52909
52930
52952
52974
52995
53014
53035
53055
53077
53101
53119
53139
53161
53184
53206
53231
53251
53276
53298
53320
53340
53361
53385
53410
53430
53452
53471
53492
53517
53535
53552
53572
53592
53615
53635
53660
53681
53701
53724
53744
53763
53789
53811
53831
53850
53871
53894
53918
53944
53965
53985
54011
54029
54048
54068
54087
54106
54131
54152
54172
54192
54212
54235
54254
54274
54299
54322
54344
54363
54386
54407
54430
54453
54472
54496
54514
54538
54560
54579
54598
54623
54643
54664
54683
54707
54729
54750
54773
54799
54820
54840
54865
54883
54903
54926
54947
54967
54988
55014
55035
55057
55075
55095
55117
55143
55164
55183
55202
55229
55249
55269
55288
55312
55332
55351
55375
55398
55419
55442
55464
55488
55508
55526
55548
55571
55591
55612
55633
55654
55677
55700
55719
55738
55758
55784
55805
55826
55843
55870
55894
55913
55935
55955
55975
55997
56017
56036
56058
56076
56096
56120
56140
56160
56181
56203
56227
56246
56267
56286
56306
56326
56347
56365
56385
56407
56426
56451
56469
56491
56510
56534
56556
56581
56602
56622
56644
56663
56684
56707
56726
56745
56764
56782
56801
56820
56841
56859
56881
56904
56925
56945
56965
56989
57009
57027
57051
57075
57099
57120
57138
57158
57179
57201
57223
57243
57266
57291
57311
57331
57350
57371
57389
57411
57431
57453
57475
57494
57514
57535
57557
57577
57600
57621
57641
57665
57688
57711
57733
57754
57773
57796
57819
57842
57861
57880
57905
57927
57947
57972
57993
58012
58034
58058
58077
58101
58125
58144
58165
58186
58208
58230
58249
58271
58294
58314
58340
58358
58377
58400
58422
58444
58467
58487
58506
58524
58545
58564
58590
58609
58630
58652
58671
58692
58717
58743
58764
58783
58806
58826
58845
58869
58888
58912
58935
58954
58975
58996
59019
59041
59060
59082
59101
59119
59140
59160
59182
59203
59223
59243
59261
59279
59302
59322
59342
59369
59389
59409
59428
59451
59473
59494
59515
59535
59555
59574
59597
59616
59639
59660
59681
59703
59724
59745
59764
59787
59807
59832
59855
59879
59900
59923
59947
59968
59986
60011
60032
60056
60076
60098
60119
60144
60164
60183
60204
60225
60244
60265
60290
60314
60333
60353
60375
60396
60422
60444
60462
60484
60505
60528
60550
60575
60596
60615
60635
60658
60677
60697
60720
60743
60766
60786
60807
60830
60853
60875
60892
60916
60936
60960
60984
61005
61023
61044
61063
61086
61106
61124
61141
61164
61186
61204
61225
61245
61269
61288
61308
61328
61350
61369
61388
61408
61426
61448
61466
61485
61507
61529
61550
61570
61591
61616
61635
61654
61680
61701
61719
61738
61757
61778
61797
61817
61838
61860
61885
61906
61925
61943
61968
61987
62006
62028
62047
62065
62085
62110
62135
62154
62174
62194
62213
62235
62253
62280
62303
62323
62347
62367
62387
62410
62430
62450
62470
62493
62514
62532
62556
62577
62597
62618
62639
62658
62678
62700
62722
62742
62763
62784
62805
62827
62853
62874
62897
62917
62940
62960
62981
63001
63022
63039
63065
63083
63106
63126
63146
63166
63184
63204
63225
63246
63265
63285
63312
63330
63353
63373
63392
63410
63431
63452
63472
63491
63513
63534
63552
63570
63590
63610
63632
63650
63672
63695
63716
63740
63760
63779
63799
63820
63841
63861
63878
63899
63922
63943
63962
63984
64004
64029
64054
64073
64092
64116
64137
64159
64183
64205
64225
64250
64271
64292
64310
64332
64356
64375
64395
64413
64432
64450
64477
64500
64521
64543
64564
64584
64607
64631
64651
64671
64692
64711
64734
64756
64780
64802
64826
64848
64865
64888
64906
64930
64953
64972
64993
65013
65034
65060
65081
65102
65124
65149
65174
65194
65217
65236
65255
65279
65298
65321
65339
65360
65377
65401
65428
65451
65471
65492
65512
65535
65556
65578
65599
65622
65641
65664
65685
65703
65724
65747
65768
65787
65808
65826
65847
65870
65889
65909
65927
65951
65970
65992
66014
66038
66059
66080
66103
66122
66139
66162
66181
66200
66224
66245
66269
66290
66314
66336
66355
66374
66393
66414
66437
66457
66478
66499
66521
66539
66560
66579
66603
66623
66646
66666
66686
66711
66732
66751
66771
66791
66812
66836
66855
66875
66893
66912
66932
66954
66978
67000
67024
67043
67066
67087
67107
67130
67150
67168
67190
67213
67237
67254
67278
67297
67316
67334
67353
67377
67398
67425
67444
67469
67488
67509
67527
67550
67571
67592
67614
67637
67661
67682
67701
67726
67746
67768
67792
67815
67835
67857
67881
67902
67920
67945
67964
67984
68007
68026
68046
68067
68089
68108
68129
68151
68172
68190
68211
68230
68249
68275
68301
68322
68344
68366
68387
68411
68434
68458
68480
68501
68522
68542
68560
68583
68603
68622
68644
68666
68688
68707
68729
68749
68774
68796
68817
68836
68857
68881
68900
68922
68941
68961
68986
69005
69026
69045
69072
69096
69116
69138
69160
69181
69202
69222
69245
69264
69283
69303
69324
69347
69370
69394
69414
69436
69456
69472
69492
69514
69537
69557
69577
69597
69617
69637
69657
69674
69695
69714
69736
69762
69786
69806
69827
69851
69876
69893
69912
69933
69953
69975
69993
70012
70033
70056
70078
70097
70114
70135
70156
70177
70200
70226
70251
70272
70293
70314
70333
70356
70378
70400
70417
70442
70463
70486
70512
70536
70557
70575
70596
70617
70639
70658
70678
70697
70717
70735
70755
70775
70795
70814
70835
70857
70881
70902
70925
70942
70965
70986
71008
71027
71048
71069
71094
71117
71135
71158
71177
71199
71223
71244
71263
71285
71304
71323
71341
71361
71381
71402
71424
71444
71466
71487
71505
71527
71549
71574
71599
71619
71636
71656
71676
71700
71724
71745
71768
71792
71812
71834
71853
71878
71902
71919
71945
71964
71985
72010
72035
72056
72078
72096
72113
72137
72158
72178
72200
72223
72248
72271
72289
72308
72330
72351
72369
72389
72412
72435
72460
72480
72501
72520
72538
72561
72581
72600
72618
72643
72668
72692
72714
72733
72754
72775
72797
72817
72841
72867
72886
72907
72932
72955
72976
72997
73019
73039
73057
73078
73099
73120
73143
73165
73186
73210
73236
73260
73279
73302
73323
73344
73367
73386
73404
73423
73444
73465
73485
73509
73531
73551
73574
73594
73612
73632
73652
73670
73691
73711
73735
73756
73776
73795
73815
73839
73865
73888
73912
73933
73956
73978
73999
74018
74037
74058
74081
74100
74120
74139
74160
74185
74203
74223
74242
74264
74287
74310
74331
74350
74374
74392
74414
74433
74452
74471
74492
74516
74540
74561
74586
74603
74627
74651
74675
74698
74716
74737
74756
74779
74799
74820
74840
74859
74880
74901
74924
74942
74962
74981
75001
75019
75037
75060
75084
75102
75122
75145
75166
75188
75210
75230
75252
75277
75297
75320
75339
75363
75385
75408
75429
75447
75468
75489
75509
75533
75554
75575
75594
75614
75634
75651
75670
75691
75714
75735
75759
75784
75802
75826
75845
75864
75885
75907
75926
75944
75967
75991
76013
76037
76057
76079
76102
76121
76140
76161
76177
76199
76219
76242
76261
76280
76299
76320
76338
76358
76384
76402
76425
76445
76466
76485
76507
76526
76546
76565
76583
76602
76621
76641
76662
76684
76702
76722
76742
76763
76781
76801
76821
76840
76860
76882
76904
76927
76946
76966
76986
77005
77027
77050
77073
77090
77112
77138
77156
77175
77200
77222
77240
77266
77283
77303
77324
77343
77361
77381
77401
77423
77443
77468
77489
77507
77528
77553
77572
77599
77617
77637
77657
77678
77699
77718
77739
77761
77782
77804
77823
77849
77867
77893
77912
77934
77954
77975
77994
78018
78036
78056
78079
78101
78120
78139
78158
78180
78206
78224
78248
78269
78287
78307
78330
78349
78369
78394
78418
78444
78467
78486
78508
78529
78548
78567
78591
78612
78631
78652
78672
78692
78711
78733
78752
78777
78794
78821
78841
78861
78884
78908
78928
78949
78974
78997
79017
79035
79061
79081
79101
79119
79138
79156
79178
79195
79214
79235
79258
79278
79299
79319
79340
79364
79387
79408
79428
79455
79477
79498
79519
79540
79558
79579
79597
79618
79636
79660
79681
79704
79726
79746
79769
79788
79810
79833
79858
79878
79900
79920
79941
79960
79980
80003
80022
80041
80058
80079
80100
80125
80144
80163
80181
80201
80222
80246
80269
80292
80310
80328
80349
80367
80389
80408
80428
80448
80467
80487
80510
80534
80555
80575
80600
80622
80642
80663
80682
80707
80726
80747
80770
80793
80819
80840
80858
80878
80898
80917
80938
80961
80981
81001
81026
81045
81065
81087
81110
81131
81149
81170
81195
81213
81235
81254
81275
81295
81319
81340
81367
81387
81407
81429
81451
81474
81496
81520
81539
81559
81577
81597
81619
81643
81668
81689
81707
81727
81748
81773
81793
81813
81834
81853
81873
81898
81925
81947
81965
81986
82007
82025
82046
82067
82092
82111
82136
82157
82181
82200
82221
82239
82258
82281
82302
82322
82342
82361
82385
82405
82428
82447
82472
82495
82515
82540
82561
82586
82607
82634
82657
82679
82704
82728
82749
82769
82792
82819
82841
82866
82886
82904
82927
82951
82970
82992
83014
83032
83055
83078
83097
83119
83140
83165
83185
83205
83225
83248
83267
83287
83311
83333
83357
83378
83403
83427
83450
83474
83496
83519
83545
83567
83590
83611
83634
83652
83675
83695
83717
83735
83754
83779
83797
83819
83837
83858
83876
83900
83918
83942
83964
83984
84004
84026
84046
84067
84088
84108
84127
84149
84169
84192
84210
84229
84248
84266
84289
84314
84333
84353
84376
84398
84420
84437
84458
84479
84497
84516
84537
84556
84577
84601
84622
84645
84665
84688
84711
84729
84753
84776
84799
84822
84841
84863
84884
84903
84922
84945
84968
84993
85015
85035
85060
85081
85107
85128
85152
85174
85194
85216
85238
85258
85278
85297
85315
85336
85361
85382
85402
85423
85444
85464
85482
85504
85525
85546
85567
85587
85607
85631
85650
85669
85689
85714
85733
85751
85772
85792
85816
85837
85856
85879
85903
85921
85939
85964
85982
86004
86027
86046
86071
86097
86117
86142
86162
86183
86204
86228
86254
86272
86292
86314
86332
86356
86378
86396
86420
86443
86465
86485
86506
86526
86546
86566
86587
86606
86627
86647
86668
86687
86707
86730
86755
86776
86798
86817
86839
86860
86881
86901
86925
86951
86973
86995
87017
87038
87062
87083
87106
87125
87145
87165
87182
87202
87223
87244
87271
87290
87314
87340
87359
87377
87396
87418
87439
87458
87481
87503
87528
87548
87572
87594
87616
87637
87663
87682
87706
87725
87744
87768
87787
87807
87827
87847
87869
87891
87912
87937
87957
87976
88001
88020
88041
88060
88083
88108
88129
88151
88174
88193
88215
88241
88268
88291
88312
88332
88352
88372
88398
88416
88435
88454
88473
88494
88516
88538
88562
88586
88612
88632
88653
88674
88696
88718
88736
88759
88779
88802
88826
88843
88861
88885
88903
88925
88946
88967
88985
89004
89026
89046
89065
89084
89105
89127
89147
89164
89185
89207
89232
89251
89273
89299
89319
89345
89364
89385
89404
89425
89445
89471
89491
89514
89531
89552
89576
89596
89617
89639
89657
89678
89700
89726
89750
89770
89794
89819
89842
89864
89886
89906
89926
89945
89966
89986
90005
90024
90042
90064
90090
90111
90131
90149
90169
90189
90212
90231
90249
90274
90292
90310
90334
90352
90372
90391
90412
90432
90456
90476
90498
90521
90539
90562
90583
90602
90622
90646
90670
90694
90717
90735
90757
90776
90798
90816
90835
90856
90883
90900
90923
90941
90960
90981
91001
91021
91045
91067
91090
91113
91136
91156
91182
91205
91227
91254
91280
91301
91320
91339
91360
91379
91398
91422
91441
91464
91482
91505
91523
91544
91560
91585
91605
91625
91645
91664
91683
91703
91725
91749
91767
91788
91810
91832
91857
91876
91894
91913
91935
91956
91981
92003
92024
92042
92062
92081
92103
92124
92142
92160
92178
92196
92215
92234
92260
92281
92302
92321
92344
92364
92388
92413
92430
92450
92472
92491
92513
92538
92562
92585
92603
92622
92641
92664
92681
92702
92727
92749
92773
92791
92818
92839
92860
92883
92906
92929
92950
92970
92993
93012
93031
93050
93070
93095
93116
93133
93154
93176
93197
93218
93238
93258
93278
93303
93323
93344
93362
93382
93401
93420
93443
93464
93487
93510
93535
93553
93578
93601
93621
93640
93665
93688
93707
93729
93750
93773
93792
93811
93837
93857
93876
93897
93921
93940
93963
93985
94006
94024
94044
94064
94086
94107
94127
94151
94170
94187
94206
94227
94251
94273
94295
94316
94336
94359
94380
94402
94419
94440
94463
94484
94504
94523
94544
94564
94586
94605
94626
94648
94667
94686
94708
94729
94756
94775
94794
94816
94838
94859
94877
94897
94918
94936
94955
94980
94999
95020
95039
95060
95079
95101
95122
95144
95163
95188
95211
95229
95249
95269
95288
95309
95333
95351
95374
95394
95419
95442
95461
95483
95505
95525
95548
95567
95588
95607
95630
95655
95674
95694
95715
95738
95764
95784
95807
95832
95854
95875
95893
95913
95935
95959
95977
95999
96019
96039
96062
96083
96107
96125
96148
96170
96190
96212
96232
96255
96273
96297
96316
96335
96356
96375
96395
96417
96435
96456
96476
96498
96517
96544
96563
96584
96607
96630
96648
96673
96691
96714
96734
96757
96778
96795
96815
96835
96858
96877
96896
96915
96934
96958
96984
97002
97022
97045
97064
97086
97108
97128
97147
97167
97188
97206
97230
97252
97272
97294
97316
97337
97357
97375
97393
97413
97434
97453
97472
97494
97512
97533
97554
97579
97601
97624
97642
97663
97684
97708
97731
97749
97769
97788
97808
97832
97859
97883
97902
97922
97944
97966
97988
98007
98025
98048
98069
98093
98113
98135
98159
98181
98202
98223
98246
98270
98296
98315
98334
98358
98383
98402
98420
98439
98461
98483
98499
98524
98543
98565
98587
98606
98628
98647
98664
98689
98708
98727
98752
98773
98797
98818
98838
98858
98877
98895
98914
98934
98953
98972
98991
99015
99035
99056
99077
99096
99119
99146
99170
99190
99209
99232
99254
99273
99294
99313
99332
99352
99372
99396
99420
99442
99463
99485
99506
99524
99547
99567
99588
99610
99629
99652
99672
99693
99714
99736
99759
99779
99797
99819
99843
99863
99882
99905
99932
99950
99970
99991
100012
100030
100050
100072
100092
100112
100131
100154
100174
100194
100214
100234
100259
100279
100300
100320
100340
100358
100381
100406
100429
100452
100472
100494
100511
100534
100551
100576
100597
100618
100638
100659
100679
100704
100726
100747
100768
100793
100820
100843
100863
100881
100900
100923
100948
100970
100992
101014
101039
101064
101085
101107
101128
101148
101165
101185
101210
101235
101255
101275
101295
101314
101336
101361
101380
101406
101423
101445
101469
101489
101513
101533
101550
101569
101591
101617
101636
101656
101680
101703
101720
101745
101766
101787
101808
101827
101848
101870
101890
101911
101934
101958
101977
101997
102016
102035
102055
102075
102097
102121
102145
102165
102185
102210
102229
102250
102269
102289
102307
102326
102347
102365
102387
102406
102424
102444
102464
102485
102504
102525
102545
102565
102591
102610
102632
102657
102679
102700
102722
102740
102758
102777
102797
102816
102837
102858
102880
102901
102920
102942
102963
102987
103007
103026
103049
103071
103092
103110
103131
103151
103171
103191
103209
103231
103251
103270
103292
103315
103333
103352
103375
103396
103414
103433
103459
103475
103495
103520
103540
103561
103585
103608
103629
103650
103674
103693
103710
103730
103754
103776
103799
103823
103842
103866
103886
103906
103925
103944
103966
103987
104004
104023
104044
104069
104090
104113
104136
104158
104180
104200
104225
104249
104271
104296
104314
104334
104358
104380
104402
104421
104446
104469
104492
104512
104534
104556
104579
104606
104624
104649
104671
104689
104713
104733
104758
104776
104801
104825
104844
104865
104885
104908
104927
104946
104969
104989
105009
105032
105054
105077
105099
105120
105142
105168
105188
105208
105230
105248
105271
105292
105316
105336
105358
105376
105401
105422
105448
105468
105488
105509
105532
105550
105572
105593
105616
105634
105653
105676
105697
105716
105735
105756
105775
105798
105821
105841
105863
105886
105906
105926
105945
105963
105982
106004
106023
106047
106067
106088
106112
106133
106152
106174
106197
106218
106237
106259
106286
106306
106325
106345
106365
106386
106409
106433
