5 2347
6 2451
7 2382
8 2778
9 2401
10 2687
11 2511
12 2597
13 2472
14 2736
15 2184
16 2377
17 2550
18 2745
19 2515
20 2131
21 2607
22 2519
23 2389
24 2507
25 2450
26 2453
27 2462
28 2657
29 2174
30 2581
31 2303
32 2563
33 2662
34 2580
35 2561
36 2656
37 2109
38 2205
39 2405
40 2405
41 2431
42 2460
43 2390
44 2101
45 2407
46 2558
47 2808
48 2338
49 2692
50 2277
51 2509
52 2666
53 2630
54 2649
55 2688
56 2458
57 2440
58 2298
59 2675
60 2701
61 2489
62 2711
63 2327
64 2616
65 2622
66 2405
67 2130
68 2377
69 2569
70 2448
71 2401
72 2621
73 2140
74 2596
75 2506
76 2505
77 2187
78 2570
79 2315
80 2352
81 2215
82 2573
83 2515
84 2293
85 2599
86 2319
87 2240
88 2495
89 2419
90 2620
91 2256
92 2212
93 2653
94 2648
95 2381
96 2384
97 2414
98 2619
99 2568
100 2361
101 2393
102 2613
103 2397
104 2871
105 2433
106 2272
107 2553
108 2349
109 2591
110 2351
111 2392
112 2505
113 2285
114 2695
115 2422
116 2211
117 2820
118 2175
119 2594
120 2412
121 2687
122 2403
123 2624
124 2381
125 2320
126 2475
127 2589
128 2298
129 2509
130 2681
131 2050
132 2092
133 2387
134 2287
135 2295
136 2561
137 2440
138 2758
139 2683
140 2361
141 2396
142 2327
143 2583
144 2474
145 2419
146 2427
147 2720
148 2344
149 2425
150 2467
151 2476
152 2525
153 2289
154 2826
155 2401
156 2289
157 2242
158 2398
159 2318
160 2387
161 2517
162 2393
163 2456
164 2502
165 2313
166 2563
167 2402
168 2426
169 2487
170 2440
171 2268
172 2273
173 2444
174 2451
175 2490
176 2574
177 2398
178 2305
179 2606
180 2648
181 2497
182 2277
183 2548
184 2607
185 2370
186 2469
187 2759
188 2594
189 2633
190 2522
191 2006
192 2362
193 2286
194 2713
195 2475
196 2391
197 2396
198 2607
199 2376
