5 5050
6 5050
7 5050
8 5050
9 5050
10 5050
11 5050
12 5050
13 5050
14 5050
15 5050
16 5050
17 5050
18 5050
19 5050
20 5050
21 5050
22 5050
23 5050
24 5050
25 5050
26 5050
27 5050
28 5050
29 5050
30 5050
31 5050
32 5050
33 5050
34 5050
35 5050
36 5050
37 5050
38 5050
39 5050
40 5050
41 5050
42 5050
43 5050
44 5050
45 5050
46 5050
47 5050
48 5050
49 5050
50 5050
51 5050
52 5050
53 5050
54 5050
55 5050
56 5050
57 5050
58 5050
59 5050
60 5050
61 5050
62 5050
63 5050
64 5050
65 5050
66 5050
67 5050
68 5050
69 5050
70 5050
71 5050
72 5050
73 5050
74 5050
75 5050
76 5050
77 5050
78 5050
79 5050
80 5050
81 5050
82 5050
83 5050
84 5050
85 5050
86 5050
87 5050
88 5050
89 5050
90 5050
91 5050
92 5050
93 5050
94 5050
95 5050
96 5050
97 5050
98 5050
99 5050
100 5050
101 5050
102 5050
103 5050
104 5050
105 5050
106 5050
107 5050
108 5050
109 5050
110 5050
111 5050
112 5050
113 5050
114 5050
115 5050
116 5050
117 5050
118 5050
119 5050
120 5050
121 5050
122 5050
123 5050
124 5050
125 5050
126 5050
127 5050
128 5050
129 5050
130 5050
131 5050
132 5050
133 5050
134 5050
135 5050
136 5050
137 5050
138 5050
139 5050
140 5050
141 5050
142 5050
143 5050
144 5050
145 5050
146 5050
147 5050
148 5050
149 5050
150 5050
151 5050
152 5050
153 5050
154 5050
155 5050
156 5050
157 5050
158 5050
159 5050
160 5050
161 5050
162 5050
163 5050
164 5050
165 5050
166 5050
167 5050
168 5050
169 5050
170 5050
171 5050
172 5050
173 5050
174 5050
175 5050
176 5050
177 5050
178 5050
179 5050
180 5050
181 5050
182 5050
183 5050
184 5050
185 5050
186 5050
187 5050
188 5050
189 5050
190 5050
191 5050
192 5050
193 5050
194 5050
195 5050
196 5050
197 5050
198 5050
199 5050
