5 7397
6 7501
7 7432
8 7828
9 7451
10 7737
11 7561
12 7647
13 7522
14 7786
15 7234
16 7427
17 7600
18 7795
19 7565
20 7181
21 7657
22 7569
23 7439
24 7557
25 7500
26 7503
27 7512
28 7707
29 7224
30 7631
31 7353
32 7613
33 7712
34 7630
35 7611
36 7706
37 7159
38 7255
39 7455
40 7455
41 7481
42 7510
43 7440
44 7151
45 7457
46 7608
47 7858
48 7388
49 7742
50 7327
51 7559
52 7716
53 7680
54 7699
55 7738
56 7508
57 7490
58 7348
59 7725
60 7751
61 7539
62 7761
63 7377
64 7666
65 7672
66 7455
67 7180
68 7427
69 7619
70 7498
71 7451
72 7671
73 7190
74 7646
75 7556
76 7555
77 7237
78 7620
79 7365
80 7402
81 7265
82 7623
83 7565
84 7343
85 7649
86 7369
87 7290
88 7545
89 7469
90 7670
91 7306
92 7262
93 7703
94 7698
95 7431
96 7434
97 7464
98 7669
99 7618
100 7411
101 7443
102 7663
103 7447
104 7921
105 7483
106 7322
107 7603
108 7399
109 7641
110 7401
111 7442
112 7555
113 7335
114 7745
115 7472
116 7261
117 7870
118 7225
119 7644
120 7462
121 7737
122 7453
123 7674
124 7431
125 7370
126 7525
127 7639
128 7348
129 7559
130 7731
131 7100
132 7142
133 7437
134 7337
135 7345
136 7611
137 7490
138 7808
139 7733
140 7411
141 7446
142 7377
143 7633
144 7524
145 7469
146 7477
147 7770
148 7394
149 7475
150 7517
151 7526
152 7575
153 7339
154 7876
155 7451
156 7339
157 7292
158 7448
159 7368
160 7437
161 7567
162 7443
163 7506
164 7552
165 7363
166 7613
167 7452
168 7476
169 7537
170 7490
171 7318
172 7323
173 7494
174 7501
175 7540
176 7624
177 7448
178 7355
179 7656
180 7698
181 7547
182 7327
183 7598
184 7657
185 7420
186 7519
187 7809
188 7644
189 7683
190 7572
191 7056
192 7412
193 7336
194 7763
195 7525
196 7441
197 7446
198 7657
199 7426
