0  0  
1  0  
2  2  
3  6  
4  10  
5  16  
6  22  
7  28  
8  34  
9  42  
10  50  
11  58  
12  66  
13  74  
14  82  
15  90  
16  98  
17  108  
18  118  
19  128  
20  138  
21  148  
22  158  
23  168  
24  178  
25  188  
26  198  
27  208  
28  218  
29  228  
30  238  
31  248  
32  258  
33  270  
34  282  
35  294  
36  306  
37  318  
38  330  
39  342  
40  354  
41  366  
42  378  
43  390  
44  402  
45  414  
46  426  
47  438  
48  450  
49  462  
50  474  
51  486  
52  498  
53  510  
54  522  
55  534  
56  546  
57  558  
58  570  
59  582  
60  594  
61  606  
62  618  
63  630  
64  642  
65  656  
66  670  
67  684  
68  698  
69  712  
70  726  
71  740  
72  754  
73  768  
74  782  
75  796  
76  810  
77  824  
78  838  
79  852  
80  866  
81  880  
82  894  
83  908  
84  922  
85  936  
86  950  
87  964  
88  978  
89  992  
90  1006  
91  1020  
92  1034  
93  1048  
94  1062  
95  1076  
96  1090  
97  1104  
98  1118  
99  1132  
100  1146  
101  1160  
102  1174  
103  1188  
104  1202  
105  1216  
106  1230  
107  1244  
108  1258  
109  1272  
110  1286  
111  1300  
112  1314  
113  1328  
114  1342  
115  1356  
116  1370  
117  1384  
118  1398  
119  1412  
120  1426  
121  1440  
122  1454  
123  1468  
124  1482  
125  1496  
126  1510  
127  1524  
128  1538  
129  1554  
130  1570  
131  1586  
132  1602  
133  1618  
134  1634  
135  1650  
136  1666  
137  1682  
138  1698  
139  1714  
140  1730  
141  1746  
142  1762  
143  1778  
144  1794  
145  1810  
146  1826  
147  1842  
148  1858  
149  1874  
150  1890  
151  1906  
152  1922  
153  1938  
154  1954  
155  1970  
156  1986  
157  2002  
158  2018  
159  2034  
160  2050  
161  2066  
162  2082  
163  2098  
164  2114  
165  2130  
166  2146  
167  2162  
168  2178  
169  2194  
170  2210  
171  2226  
172  2242  
173  2258  
174  2274  
175  2290  
176  2306  
177  2322  
178  2338  
179  2354  
180  2370  
181  2386  
182  2402  
183  2418  
184  2434  
185  2450  
186  2466  
187  2482  
188  2498  
189  2514  
190  2530  
191  2546  
192  2562  
193  2578  
194  2594  
195  2610  
196  2626  
197  2642  
198  2658  
199  2674  
200  2690  
201  2706  
202  2722  
203  2738  
204  2754  
205  2770  
206  2786  
207  2802  
208  2818  
209  2834  
210  2850  
211  2866  
212  2882  
213  2898  
214  2914  
215  2930  
216  2946  
217  2962  
218  2978  
219  2994  
220  3010  
221  3026  
222  3042  
223  3058  
224  3074  
225  3090  
226  3106  
227  3122  
228  3138  
229  3154  
230  3170  
231  3186  
232  3202  
233  3218  
234  3234  
235  3250  
236  3266  
237  3282  
238  3298  
239  3314  
240  3330  
241  3346  
242  3362  
243  3378  
244  3394  
245  3410  
246  3426  
247  3442  
248  3458  
249  3474  
250  3490  
251  3506  
252  3522  
253  3538  
254  3554  
255  3570  
256  3586  
257  3604  
258  3622  
259  3640  
260  3658  
261  3676  
262  3694  
263  3712  
264  3730  
265  3748  
266  3766  
267  3784  
268  3802  
269  3820  
270  3838  
271  3856  
272  3874  
273  3892  
274  3910  
275  3928  
276  3946  
277  3964  
278  3982  
279  4000  
280  4018  
281  4036  
282  4054  
283  4072  
284  4090  
285  4108  
286  4126  
287  4144  
288  4162  
289  4180  
290  4198  
291  4216  
292  4234  
293  4252  
294  4270  
295  4288  
296  4306  
297  4324  
298  4342  
299  4360  
300  4378  
301  4396  
302  4414  
303  4432  
304  4450  
305  4468  
306  4486  
307  4504  
308  4522  
309  4540  
310  4558  
311  4576  
312  4594  
313  4612  
314  4630  
315  4648  
316  4666  
317  4684  
318  4702  
319  4720  
320  4738  
321  4756  
322  4774  
323  4792  
324  4810  
325  4828  
326  4846  
327  4864  
328  4882  
329  4900  
330  4918  
331  4936  
332  4954  
333  4972  
334  4990  
335  5008  
336  5026  
337  5044  
338  5062  
339  5080  
340  5098  
341  5116  
342  5134  
343  5152  
344  5170  
345  5188  
346  5206  
347  5224  
348  5242  
349  5260  
350  5278  
351  5296  
352  5314  
353  5332  
354  5350  
355  5368  
356  5386  
357  5404  
358  5422  
359  5440  
360  5458  
361  5476  
362  5494  
363  5512  
364  5530  
365  5548  
366  5566  
367  5584  
368  5602  
369  5620  
370  5638  
371  5656  
372  5674  
373  5692  
374  5710  
375  5728  
376  5746  
377  5764  
378  5782  
379  5800  
380  5818  
381  5836  
382  5854  
383  5872  
384  5890  
385  5908  
386  5926  
387  5944  
388  5962  
389  5980  
390  5998  
391  6016  
392  6034  
393  6052  
394  6070  
395  6088  
396  6106  
397  6124  
398  6142  
399  6160  
400  6178  
401  6196  
402  6214  
403  6232  
404  6250  
405  6268  
406  6286  
407  6304  
408  6322  
409  6340  
410  6358  
411  6376  
412  6394  
413  6412  
414  6430  
415  6448  
416  6466  
417  6484  
418  6502  
419  6520  
420  6538  
421  6556  
422  6574  
423  6592  
424  6610  
425  6628  
426  6646  
427  6664  
428  6682  
429  6700  
430  6718  
431  6736  
432  6754  
433  6772  
434  6790  
435  6808  
436  6826  
437  6844  
438  6862  
439  6880  
440  6898  
441  6916  
442  6934  
443  6952  
444  6970  
445  6988  
446  7006  
447  7024  
448  7042  
449  7060  
450  7078  
451  7096  
452  7114  
453  7132  
454  7150  
455  7168  
456  7186  
457  7204  
458  7222  
459  7240  
460  7258  
461  7276  
462  7294  
463  7312  
464  7330  
465  7348  
466  7366  
467  7384  
468  7402  
469  7420  
470  7438  
471  7456  
472  7474  
473  7492  
474  7510  
475  7528  
476  7546  
477  7564  
478  7582  
479  7600  
480  7618  
481  7636  
482  7654  
483  7672  
484  7690  
485  7708  
486  7726  
487  7744  
488  7762  
489  7780  
490  7798  
491  7816  
492  7834  
493  7852  
494  7870  
495  7888  
496  7906  
497  7924  
498  7942  
499  7960  
500  7978  
501  7996  
502  8014  
503  8032  
504  8050  
505  8068  
506  8086  
507  8104  
508  8122  
509  8140  
510  8158  
511  8176  
512  8194  
513  8214  
514  8234  
515  8254  
516  8274  
517  8294  
518  8314  
519  8334  
520  8354  
521  8374  
522  8394  
523  8414  
524  8434  
525  8454  
526  8474  
527  8494  
528  8514  
529  8534  
530  8554  
531  8574  
532  8594  
533  8614  
534  8634  
535  8654  
536  8674  
537  8694  
538  8714  
539  8734  
540  8754  
541  8774  
542  8794  
543  8814  
544  8834  
545  8854  
546  8874  
547  8894  
548  8914  
549  8934  
550  8954  
551  8974  
552  8994  
553  9014  
554  9034  
555  9054  
556  9074  
557  9094  
558  9114  
559  9134  
