5.000000 1
32.000000 2
68.000000 3
122.000000 4
284.000000 5
2471.000000 6
6116.000000 7
17051.000000 8
23612.000000 9
102344.000000 10
161393.000000 11
692834.000000 12
4944362.000000 13
9727331.000000 14
24076236.000000 15
67122952.000000 16
110169680.000000 17
1143290880.000000 18
1530711168.000000 19
5017495552.000000 20
36398559232.000000 21
99160678400.000000 22
287447023616.000000 23
946449154048.000000 24
2076167110656.000000 25
8007187955712.000000 26
13090917711872.000000 27
28342107504640.000000 28
165602849193984.000000 29
714645782396928.000000 30
1949992730230784.000000 31
3185339409629184.000000 32
16156483704061952.000000 33
55069907460554752.000000 34
71747067902427136.000000 35
522030975358599168.000000 36
1122409507180249088.000000 37
3373828889842286592.000000 38
8777234748524199936.000000 39
24987455073349009408.000000 40
134406456422128680960.000000 41
207352447059206602752.000000 42
645028549211348533248.000000 43
2286313430904578506752.000000 44
6225397259558321127424.000000 45
26905587289621725708288.000000 46
71220257773609449160704.000000 47
150986717336902991609856.000000 48
549818609829404240510976.000000 49
