5.000000 0
32.000000 2
68.000000 6
122.000000 10
284.000000 16
2471.000000 22
6116.000000 28
17051.000000 34
23612.000000 42
102344.000000 50
161393.000000 58
692834.000000 66
4944362.000000 74
9727331.000000 82
24076238.000000 90
67122960.000000 98
110169680.000000 108
1143291008.000000 118
1530711552.000000 128
5017496064.000000 138
36398555136.000000 148
99160678400.000000 158
287447023616.000000 168
946449285120.000000 178
2076167372800.000000 188
8007187431424.000000 198
13090918760448.000000 208
28342113796096.000000 218
165602865971200.000000 228
714645916614656.000000 238
1949992730230784.000000 248
3185339409629184.000000 258
16156480482836480.000000 270
55069903165587456.000000 282
71747085082296320.000000 294
522030975358599168.000000 306
1122409507180249088.000000 318
3373829164720193536.000000 330
8777235848035827712.000000 342
24987457272372264960.000000 354
134406447626035658752.000000 366
207352447059206602752.000000 378
645028408473860177920.000000 390
2286313290167090151424.000000 402
6225396696608367706112.000000 414
26905585037821912023040.000000 426
71220275788007958642688.000000 438
150986717336902991609856.000000 450
549818934088577411186688.000000 462
