5.000000 0
32.000000 3
68.000000 7
122.000000 12
284.000000 18
2471.000000 25
6116.000000 33
17051.000000 42
23612.000000 52
102344.000000 63
161393.000000 75
692834.000000 88
4944362.000000 102
9727331.000000 117
24076238.000000 133
67122960.000000 150
110169680.000000 168
1143291008.000000 187
1530711552.000000 207
5017496064.000000 228
36398555136.000000 250
99160678400.000000 273
287447023616.000000 297
946449285120.000000 322
2076167372800.000000 348
8007187431424.000000 375
13090918760448.000000 403
28342113796096.000000 432
165602865971200.000000 462
714645916614656.000000 493
1949992730230784.000000 525
3185339409629184.000000 558
16156480482836480.000000 592
55069903165587456.000000 627
71747085082296320.000000 663
522030975358599168.000000 700
1122409507180249088.000000 738
3373829164720193536.000000 777
8777235848035827712.000000 817
24987457272372264960.000000 858
134406447626035658752.000000 900
207352447059206602752.000000 943
645028408473860177920.000000 987
2286313290167090151424.000000 1032
6225396696608367706112.000000 1078
26905585037821912023040.000000 1125
71220275788007958642688.000000 1173
150986717336902991609856.000000 1222
549818934088577411186688.000000 1272
